0.15 30.00
0.15 30.80
0.15 31.60
0.15 32.40
0.15 33.20
0.15 34.00
0.16 34.80
0.16 35.60
0.16 36.40
0.16 37.20
0.16 38.00
0.16 38.80
0.16 39.60
0.16 40.40
0.16 41.20
0.17 42.00
0.17 42.80
0.17 43.60
0.17 44.40
0.17 45.20
0.17 46.00
0.17 46.80
0.17 47.60
0.17 48.40
0.17 49.20
0.18 50.00
0.18 50.80
0.18 51.60
0.18 52.40
0.18 53.20
0.18 54.00
0.18 54.80
0.18 55.60
0.18 56.40
0.18 57.20
0.19 58.00
0.19 58.80
0.19 59.60
0.19 60.40
0.19 61.20
0.19 62.00
0.19 62.80
0.19 63.60
0.19 64.40
0.19 65.20
0.20 66.00
0.20 66.80
0.20 67.60
0.20 68.40
0.20 69.20
0.20 70.00
0.20 70.80
0.20 71.60
0.20 72.40
0.20 73.20
0.21 74.00
0.21 74.80
0.21 75.60
0.21 76.40
0.21 77.20
0.21 78.00
0.21 78.80
0.21 79.60
0.21 80.40
0.21 81.20
0.22 82.00
0.22 82.80
0.22 83.60
0.22 84.40
0.22 85.20
0.22 86.00
0.22 86.80
0.22 87.60
0.22 88.40
0.22 89.20
0.23 90.00
0.23 90.80
0.23 91.60
0.23 92.40
0.23 93.20
0.23 94.00
0.23 94.80
0.23 95.60
0.23 96.40
0.23 97.20
0.24 98.00
0.24 98.80
0.24 99.60
0.24 100.40
0.24 101.20
0.24 102.00
0.24 102.80
0.24 103.60
0.24 104.40
0.24 105.20
0.25 106.00
0.25 106.80
0.25 107.60
0.25 108.40
0.25 109.20